a=[3 0    1.4142;
         0    1.0000         0;
    1.4142         0    2.0000]
v=[0.8165 0     -0.5774;
    0     1     0;
   0.5774     0     0.8165];
a2=v'*a*v