n=0:8;
x=2*exp(-(n/8).^2)/sqrt(3.1415926)
